1 196
2 295
3 394
4 493
5 592
6 689
7 691
8 788
9 790
10 879
11 887
12 978
13 986
14 1495
15 1497
16 1585
17 1587
18 1675
19 1677
20 1765
21 1767
22 1855
23 1857
24 1945
25 1947
26 1997
27 2494
28 2496
29 2584
30 2586
31 2674
32 2676
33 2764
34 2766
35 2854
36 2856
37 2944
38 2946
39 2996
40 3493
41 3495
42 3583
43 3585
44 3673
45 3675
46 3763
47 3765
48 3853
49 3855
50 3943
51 3945
52 3995
53 4079
54 4169
55 4259
56 4349
57 4439
58 4492
59 4494
60 4529
61 4582
62 4584
63 4619
64 4672
65 4674
66 4709
67 4762
68 4764
69 4799
70 4852
71 4854
72 4889
73 4942
74 4944
75 4979
76 4994
77 5078
78 5168
79 5258
80 5348
81 5438
82 5491
83 5493
84 5528
85 5581
86 5583
87 5618
88 5671
89 5673
90 5708
91 5761
92 5763
93 5798
94 5851
95 5853
96 5888
97 5941
98 5943
99 5978
100 5993
101 6077
102 6167
103 6257
104 6347
105 6437
106 6490
107 6492
108 6527
109 6580
110 6582
111 6617
112 6670
113 6672
114 6707
115 6760
116 6762
117 6797
118 6850
119 6852
120 6887
121 6940
122 6942
123 6977
124 6992
125 7059
126 7076
127 7149
128 7166
129 7239
130 7256
131 7329
132 7346
133 7419
134 7436
135 7491
136 7509
137 7526
138 7581
139 7599
140 7616
141 7671
142 7689
143 7706
144 7761
145 7779
146 7796
147 7851
148 7869
149 7886
150 7941
151 7959
152 7976
153 7991
154 8058
155 8075
156 8079
157 8089
158 8148
159 8165
160 8169
161 8179
162 8238
163 8255
164 8259
165 8269
166 8328
167 8345
168 8349
169 8359
170 8418
171 8435
172 8439
173 8449
174 8490
175 8508
176 8525
177 8529
178 8539
179 8580
180 8598
181 8615
182 8619
183 8629
184 8670
185 8688
186 8705
187 8709
188 8719
189 8760
190 8778
191 8795
192 8799
193 8809
194 8850
195 8868
196 8885
197 8889
198 8899
199 8940
200 8958
201 8975
202 8979
203 8989
204 8990
205 9057
206 9074
207 9078
208 9088
209 9147
210 9164
211 9168
212 9178
213 9237
214 9254
215 9258
216 9268
217 9327
218 9344
219 9348
220 9358
221 9417
222 9434
223 9438
224 9448
225 9507
226 9524
227 9528
228 9538
229 9597
230 9614
231 9618
232 9628
233 9687
234 9704
235 9708
236 9718
237 9777
238 9794
239 9798
240 9808
241 9867
242 9884
243 9888
244 9898
245 9957
246 9974
247 9978
248 9988
249 9999
250 10538
251 10553
252 10563
253 10577
254 10583
255 10585
256 10638
257 10653
258 10663
259 10668
260 10697
261 10715
262 10728
263 10735
264 10746
265 10748
266 10783
267 10785
268 10787
269 10788
270 10821
271 10843
272 10877
273 10883
274 10933
275 10963
276 10965
277 10969
278 10977
279 10983
280 10985
281 11528
282 11543
283 11553
284 11567
285 11573
286 11575
287 11628
288 11643
289 11653
290 11658
291 11687
292 11705
293 11718
294 11725
295 11736
296 11738
297 11773
298 11775
299 11777
300 11778
301 11811
302 11833
303 11867
304 11873
305 11898
306 11923
307 11953
308 11955
309 11959
310 11967
311 11973
312 11975
313 12097
314 12297
315 12393
316 12518
317 12533
318 12543
319 12557
320 12563
321 12565
322 12618
323 12633
324 12643
325 12648
326 12677
327 12708
328 12715
329 12726
330 12728
331 12763
332 12765
333 12767
334 12768
335 12793
336 12797
337 12801
338 12823
339 12857
340 12863
341 12888
342 12898
343 12913
344 12943
345 12945
346 12949
347 12957
348 12963
349 12965
350 13087
351 13097
352 13197
353 13287
354 13383
355 13392
356 13393
357 13397
358 13508
359 13523
360 13533
361 13547
362 13553
363 13555
364 13596
365 13597
366 13608
367 13623
368 13633
369 13638
370 13667
371 13694
372 13705
373 13716
374 13718
375 13753
376 13755
377 13757
378 13758
379 13783
380 13787
381 13813
382 13847
383 13853
384 13878
385 13888
386 13903
387 13933
388 13935
389 13939
390 13947
391 13953
392 13955
393 13997
394 14077
395 14087
396 14096
397 14097
398 14187
399 14197
400 14277
401 14297
402 14373
403 14382
404 14383
405 14387
406 14397
407 14513
408 14523
409 14537
410 14543
411 14545
412 14586
413 14587
414 14613
415 14623
416 14628
417 14657
418 14684
419 14698
420 14706
421 14708
422 14743
423 14745
424 14747
425 14748
426 14773
427 14777
428 14803
429 14837
430 14843
431 14868
432 14878
433 14897
434 14923
435 14925
436 14929
437 14937
438 14943
439 14945
440 14987
441 14995
442 15067
443 15077
444 15086
445 15087
446 15177
447 15187
448 15267
449 15287
450 15297
451 15363
452 15372
453 15373
454 15377
455 15387
456 15393
457 15503
458 15513
459 15527
460 15533
461 15535
462 15576
463 15577
464 15597
465 15603
466 15613
467 15618
468 15647
469 15674
470 15688
471 15733
472 15735
473 15737
474 15738
475 15763
476 15767
477 15827
478 15833
479 15858
480 15868
481 15887
482 15913
483 15915
484 15919
485 15927
486 15933
487 15935
488 15977
489 15985
490 16057
491 16067
492 16076
493 16077
494 16167
495 16177
496 16257
497 16277
498 16287
499 16353
500 16362
501 16363
502 16367
503 16377
504 16383
505 16503
506 16517
507 16523
508 16525
509 16566
510 16567
511 16587
512 16597
513 16603
514 16608
515 16637
516 16664
517 16678
518 16723
519 16725
520 16727
521 16728
522 16753
523 16757
524 16797
525 16817
526 16823
527 16848
528 16858
529 16877
530 16903
531 16905
532 16909
533 16917
534 16923
535 16925
536 16967
537 16975
538 16999
539 17047
540 17057
541 17066
542 17067
543 17157
544 17167
545 17190
546 17247
547 17267
548 17277
549 17292
550 17297
551 17343
552 17352
553 17353
554 17357
555 17367
556 17373
557 17498
558 17507
559 17513
560 17515
561 17556
562 17557
563 17577
564 17587
565 17597
566 17627
567 17654
568 17668
569 17697
570 17713
571 17715
572 17717
573 17718
574 17743
575 17747
576 17787
577 17807
578 17813
579 17838
580 17848
581 17867
582 17897
583 17907
584 17913
585 17915
586 17957
587 17965
588 17989
589 18037
590 18047
591 18056
592 18057
593 18096
594 18097
595 18147
596 18157
597 18180
598 18194
599 18237
600 18257
601 18267
602 18282
603 18287
604 18333
605 18342
606 18343
607 18347
608 18357
609 18363
610 18488
611 18497
612 18503
613 18505
614 18546
615 18547
616 18567
617 18577
618 18587
619 18596
620 18597
621 18598
622 18617
623 18644
624 18658
625 18687
626 18697
627 18703
628 18705
629 18707
630 18708
631 18733
632 18737
633 18777
634 18797
635 18798
636 18803
637 18828
638 18838
639 18857
640 18887
641 18897
642 18903
643 18905
644 18947
645 18955
646 18979
647 19027
648 19037
649 19046
650 19047
651 19086
652 19087
653 19098
654 19137
655 19147
656 19170
657 19184
658 19227
659 19247
660 19257
661 19272
662 19277
663 19323
664 19332
665 19333
666 19337
667 19347
668 19353
669 19397
670 19478
671 19487
672 19495
673 19536
674 19537
675 19557
676 19567
677 19577
678 19586
679 19587
680 19588
681 19591
682 19607
683 19634
684 19648
685 19677
686 19687
687 19723
688 19727
689 19767
690 19787
691 19788
692 19792
693 19793
694 19797
695 19818
696 19828
697 19847
698 19877
699 19887
700 19893
701 19937
702 19945
703 19969
704 19998
705 20359
706 20459
707 20537
708 20552
709 20562
710 20576
711 20582
712 20584
713 20637
714 20652
715 20662
716 20667
717 20696
718 20714
719 20727
720 20734
721 20745
722 20747
723 20782
724 20784
725 20786
726 20787
727 20820
728 20842
729 20876
730 20882
731 20932
732 20962
733 20964
734 20968
735 20976
736 20982
737 20984
738 21349
739 21449
740 21527
741 21542
742 21552
743 21566
744 21572
745 21574
746 21627
747 21642
748 21652
749 21657
750 21686
751 21704
752 21717
753 21724
754 21735
755 21737
756 21772
757 21774
758 21776
759 21777
760 21810
761 21832
762 21866
763 21872
764 21897
765 21922
766 21952
767 21954
768 21958
769 21966
770 21972
771 21974
772 22096
773 22296
774 22339
775 22392
776 22439
777 22517
778 22532
779 22542
780 22556
781 22562
782 22564
783 22617
784 22632
785 22642
786 22647
787 22676
788 22707
789 22714
790 22725
791 22727
792 22762
793 22764
794 22766
795 22767
796 22792
797 22796
798 22800
799 22822
800 22856
801 22862
802 22887
803 22897
804 22912
805 22942
806 22944
807 22948
808 22956
809 22962
810 22964
811 23086
812 23096
813 23196
814 23286
815 23329
816 23382
817 23391
818 23392
819 23396
820 23429
821 23507
822 23522
823 23532
824 23546
825 23552
826 23554
827 23595
828 23596
829 23607
830 23622
831 23632
832 23637
833 23666
834 23693
835 23704
836 23715
837 23717
838 23752
839 23754
840 23756
841 23757
842 23782
843 23786
844 23812
845 23846
846 23852
847 23877
848 23887
849 23902
850 23932
851 23934
852 23938
853 23946
854 23952
855 23954
856 23996
857 24076
858 24086
859 24095
860 24096
861 24186
862 24196
863 24276
864 24296
865 24319
866 24372
867 24381
868 24382
869 24386
870 24396
871 24419
872 24512
873 24522
874 24536
875 24542
876 24544
877 24585
878 24586
879 24612
880 24622
881 24627
882 24656
883 24683
884 24697
885 24705
886 24707
887 24742
888 24744
889 24746
890 24747
891 24772
892 24776
893 24802
894 24836
895 24842
896 24867
897 24877
898 24896
899 24922
900 24924
901 24928
902 24936
903 24942
904 24944
905 24986
906 24994
907 25066
908 25076
909 25085
910 25086
911 25176
912 25186
913 25266
914 25286
915 25296
916 25309
917 25362
918 25371
919 25372
920 25376
921 25386
922 25392
923 25399
924 25409
925 25499
926 25502
927 25512
928 25526
929 25532
930 25534
931 25575
932 25576
933 25596
934 25602
935 25612
936 25617
937 25646
938 25673
939 25687
940 25732
941 25734
942 25736
943 25737
944 25762
945 25766
946 25826
947 25832
948 25857
949 25867
950 25886
951 25912
952 25914
953 25918
954 25926
955 25932
956 25934
957 25976
958 25984
959 26056
960 26066
961 26075
962 26076
963 26166
964 26176
965 26256
966 26276
967 26286
968 26352
969 26361
970 26362
971 26366
972 26376
973 26382
974 26389
975 26489
976 26502
977 26516
978 26522
979 26524
980 26565
981 26566
982 26586
983 26596
984 26602
985 26607
986 26636
987 26663
988 26677
989 26722
990 26724
991 26726
992 26727
993 26752
994 26756
995 26796
996 26816
997 26822
998 26847
999 26857
1000 26876
1001 26902
1002 26904
1003 26908
1004 26916
1005 26922
1006 26924
1007 26966
1008 26974
1009 26998
1010 27046
1011 27056
1012 27065
1013 27066
1014 27156
1015 27166
1016 27246
1017 27266
1018 27276
1019 27291
1020 27296
1021 27342
1022 27351
1023 27352
1024 27356
1025 27366
1026 27372
1027 27379
1028 27479
1029 27497
1030 27506
1031 27512
1032 27514
1033 27555
1034 27556
1035 27576
1036 27586
1037 27596
1038 27626
1039 27653
1040 27667
1041 27696
1042 27712
1043 27714
1044 27716
1045 27717
1046 27742
1047 27746
1048 27786
1049 27806
1050 27812
1051 27837
1052 27847
1053 27866
1054 27896
1055 27906
1056 27912
1057 27914
1058 27956
1059 27964
1060 27988
1061 28036
1062 28046
1063 28055
1064 28056
1065 28095
1066 28096
1067 28146
1068 28156
1069 28193
1070 28236
1071 28256
1072 28266
1073 28281
1074 28286
1075 28332
1076 28341
1077 28342
1078 28346
1079 28356
1080 28362
1081 28369
1082 28469
1083 28487
1084 28496
1085 28502
1086 28504
1087 28545
1088 28546
1089 28566
1090 28576
1091 28586
1092 28595
1093 28596
1094 28597
1095 28616
1096 28643
1097 28657
1098 28686
1099 28696
1100 28702
1101 28704
1102 28706
1103 28707
1104 28732
1105 28736
1106 28776
1107 28796
1108 28797
1109 28802
1110 28827
1111 28837
1112 28856
1113 28886
1114 28896
1115 28902
1116 28904
1117 28946
1118 28954
1119 28978
1120 29026
1121 29036
1122 29045
1123 29046
1124 29085
1125 29086
1126 29097
1127 29136
1128 29146
1129 29183
1130 29226
1131 29246
1132 29256
1133 29271
1134 29276
1135 29322
1136 29331
1137 29332
1138 29336
1139 29346
1140 29352
1141 29359
1142 29396
1143 29459
1144 29477
1145 29486
1146 29494
1147 29499
1148 29535
1149 29536
1150 29556
1151 29566
1152 29576
1153 29585
1154 29586
1155 29587
1156 29590
1157 29606
1158 29633
1159 29647
1160 29676
1161 29686
1162 29722
1163 29726
1164 29766
1165 29786
1166 29787
1167 29791
1168 29792
1169 29796
1170 29817
1171 29827
1172 29846
1173 29876
1174 29886
1175 29892
1176 29899
1177 29936
1178 29944
1179 29968
1180 29997
1181 30089
1182 30358
1183 30389
1184 30399
1185 30439
1186 30458
1187 30479
1188 30489
1189 30536
1190 30551
1191 30561
1192 30575
1193 30581
1194 30583
1195 30636
1196 30651
1197 30661
1198 30666
1199 30695
1200 30713
1201 30726
1202 30733
1203 30744
1204 30746
1205 30781
1206 30783
1207 30785
1208 30786
1209 30841
1210 30849
1211 30875
1212 30881
1213 30889
1214 30929
1215 30931
1216 30959
1217 30961
1218 30963
1219 30967
1220 30975
1221 30979
1222 30981
1223 30983
1224 31079
1225 31348
1226 31379
1227 31389
1228 31429
1229 31448
1230 31469
1231 31479
1232 31526
1233 31541
1234 31551
1235 31565
1236 31571
1237 31573
1238 31626
1239 31641
1240 31651
1241 31656
1242 31685
1243 31703
1244 31716
1245 31723
1246 31734
1247 31736
1248 31771
1249 31773
1250 31775
1251 31776
1252 31831
1253 31839
1254 31865
1255 31871
1256 31879
1257 31896
1258 31919
1259 31921
1260 31949
1261 31951
1262 31953
1263 31957
1264 31965
1265 31969
1266 31971
1267 31973
1268 32069
1269 32095
1270 32295
1271 32338
1272 32369
1273 32379
1274 32391
1275 32419
1276 32438
1277 32459
1278 32469
1279 32516
1280 32531
1281 32541
1282 32555
1283 32561
1284 32563
1285 32616
1286 32631
1287 32641
1288 32646
1289 32675
1290 32706
1291 32713
1292 32724
1293 32726
1294 32761
1295 32763
1296 32765
1297 32766
1298 32791
1299 32795
1300 32821
1301 32829
1302 32855
1303 32861
1304 32869
1305 32886
1306 32896
1307 32909
1308 32911
1309 32939
1310 32941
1311 32943
1312 32947
1313 32955
1314 32959
1315 32961
1316 32963
1317 32999
1318 33059
1319 33085
1320 33095
1321 33195
1322 33285
1323 33328
1324 33359
1325 33369
1326 33381
1327 33390
1328 33391
1329 33395
1330 33409
1331 33428
1332 33449
1333 33459
1334 33499
1335 33506
1336 33521
1337 33531
1338 33545
1339 33551
1340 33553
1341 33594
1342 33595
1343 33606
1344 33621
1345 33631
1346 33636
1347 33665
1348 33692
1349 33703
1350 33714
1351 33716
1352 33751
1353 33753
1354 33755
1355 33756
1356 33781
1357 33785
1358 33811
1359 33819
1360 33845
1361 33851
1362 33859
1363 33876
1364 33886
1365 33901
1366 33929
1367 33931
1368 33933
1369 33937
1370 33945
1371 33949
1372 33951
1373 33953
1374 33989
1375 33995
1376 34049
1377 34075
1378 34085
1379 34094
1380 34095
1381 34185
1382 34195
1383 34275
1384 34295
1385 34318
1386 34349
1387 34359
1388 34371
1389 34380
1390 34381
1391 34385
1392 34395
1393 34418
1394 34439
1395 34449
1396 34489
1397 34511
1398 34521
1399 34535
1400 34541
1401 34543
1402 34584
1403 34585
1404 34611
1405 34621
1406 34626
1407 34655
1408 34682
1409 34696
1410 34704
1411 34706
1412 34741
1413 34743
1414 34745
1415 34746
1416 34771
1417 34775
1418 34801
1419 34809
1420 34835
1421 34841
1422 34849
1423 34866
1424 34876
1425 34895
1426 34899
1427 34919
1428 34921
1429 34923
1430 34927
1431 34935
1432 34939
1433 34941
1434 34943
1435 34979
1436 34985
1437 34993
1438 35039
1439 35065
1440 35075
1441 35084
1442 35085
1443 35175
1444 35185
1445 35265
1446 35285
1447 35295
1448 35308
1449 35339
1450 35349
1451 35361
1452 35370
1453 35371
1454 35375
1455 35385
1456 35391
1457 35398
1458 35408
1459 35429
1460 35439
1461 35479
1462 35498
1463 35501
1464 35511
1465 35525
1466 35531
1467 35533
1468 35574
1469 35575
1470 35595
1471 35601
1472 35611
1473 35616
1474 35645
1475 35672
1476 35686
1477 35731
1478 35733
1479 35735
1480 35736
1481 35761
1482 35765
1483 35825
1484 35831
1485 35839
1486 35856
1487 35866
1488 35885
1489 35889
1490 35909
1491 35911
1492 35913
1493 35917
1494 35925
1495 35929
1496 35931
1497 35933
1498 35969
1499 35975
1500 35983
1501 35999
1502 36029
1503 36055
1504 36065
1505 36074
1506 36075
1507 36165
1508 36175
1509 36255
1510 36275
1511 36285
1512 36329
1513 36339
1514 36351
1515 36360
1516 36361
1517 36365
1518 36375
1519 36381
1520 36388
1521 36419
1522 36429
1523 36469
1524 36488
1525 36501
1526 36515
1527 36521
1528 36523
1529 36564
1530 36565
1531 36585
1532 36595
1533 36601
1534 36606
1535 36635
1536 36662
1537 36676
1538 36721
1539 36723
1540 36725
1541 36726
1542 36751
1543 36755
1544 36795
1545 36815
1546 36821
1547 36829
1548 36846
1549 36856
1550 36875
1551 36879
1552 36901
1553 36903
1554 36907
1555 36915
1556 36919
1557 36921
1558 36923
1559 36959
1560 36965
1561 36973
1562 36989
1563 36997
1564 37019
1565 37045
1566 37055
1567 37064
1568 37065
1569 37155
1570 37165
1571 37245
1572 37265
1573 37275
1574 37290
1575 37295
1576 37319
1577 37329
1578 37341
1579 37350
1580 37351
1581 37355
1582 37365
1583 37371
1584 37378
1585 37409
1586 37419
1587 37459
1588 37478
1589 37496
1590 37499
1591 37505
1592 37511
1593 37513
1594 37554
1595 37555
1596 37575
1597 37585
1598 37595
1599 37625
1600 37652
1601 37666
1602 37695
1603 37711
1604 37713
1605 37715
1606 37716
1607 37741
1608 37745
1609 37785
1610 37805
1611 37811
1612 37819
1613 37836
1614 37846
1615 37865
1616 37869
1617 37895
1618 37905
1619 37909
1620 37911
1621 37913
1622 37949
1623 37955
1624 37963
1625 37979
1626 37987
1627 37999
1628 38009
1629 38035
1630 38045
1631 38054
1632 38055
1633 38094
1634 38095
1635 38099
1636 38145
1637 38155
1638 38192
1639 38235
1640 38255
1641 38265
1642 38280
1643 38285
1644 38309
1645 38319
1646 38331
1647 38340
1648 38341
1649 38345
1650 38355
1651 38361
1652 38368
1653 38399
1654 38409
1655 38449
1656 38468
1657 38486
1658 38489
1659 38495
1660 38499
1661 38501
1662 38503
1663 38544
1664 38545
1665 38565
1666 38575
1667 38585
1668 38594
1669 38595
1670 38596
1671 38615
1672 38642
1673 38656
1674 38685
1675 38695
1676 38701
1677 38703
1678 38705
1679 38706
1680 38731
1681 38735
1682 38775
1683 38795
1684 38796
1685 38801
1686 38809
1687 38826
1688 38836
1689 38855
1690 38859
1691 38885
1692 38895
1693 38899
1694 38901
1695 38903
1696 38939
1697 38945
1698 38953
1699 38969
1700 38977
1701 38989
1702 39025
1703 39035
1704 39044
1705 39045
1706 39084
1707 39085
1708 39089
1709 39096
1710 39135
1711 39145
1712 39182
1713 39225
1714 39245
1715 39255
1716 39270
1717 39275
1718 39309
1719 39321
1720 39330
1721 39331
1722 39335
1723 39345
1724 39351
1725 39358
1726 39389
1727 39395
1728 39439
1729 39458
1730 39476
1731 39479
1732 39485
1733 39489
1734 39493
1735 39498
1736 39534
1737 39535
1738 39555
1739 39565
1740 39575
1741 39584
1742 39585
1743 39586
1744 39605
1745 39632
1746 39646
1747 39675
1748 39685
1749 39721
1750 39725
1751 39765
1752 39785
1753 39786
1754 39790
1755 39791
1756 39795
1757 39816
1758 39826
1759 39845
1760 39849
1761 39875
1762 39885
1763 39889
1764 39891
1765 39898
1766 39929
1767 39935
1768 39943
1769 39959
1770 39967
1771 39979
1772 39996
1773 40069
1774 40088
1775 40357
1776 40388
1777 40398
1778 40429
1779 40438
1780 40449
1781 40457
1782 40478
1783 40488
1784 40535
1785 40550
1786 40560
1787 40574
1788 40580
1789 40582
1790 40635
1791 40650
1792 40660
1793 40665
1794 40694
1795 40712
1796 40725
1797 40732
1798 40743
1799 40745
1800 40780
1801 40782
1802 40784
1803 40785
1804 40840
1805 40848
1806 40874
1807 40880
1808 40888
1809 40928
1810 40930
1811 40958
1812 40960
1813 40962
1814 40966
1815 40974
1816 40978
1817 40979
1818 40980
1819 40982
1820 41059
1821 41078
1822 41347
1823 41378
1824 41388
1825 41419
1826 41428
1827 41439
1828 41447
1829 41468
1830 41478
1831 41525
1832 41540
1833 41550
1834 41564
1835 41570
1836 41572
1837 41625
1838 41640
1839 41650
1840 41655
1841 41684
1842 41702
1843 41715
1844 41722
1845 41733
1846 41735
1847 41770
1848 41772
1849 41774
1850 41775
1851 41830
1852 41838
1853 41864
1854 41870
1855 41878
1856 41895
1857 41918
1858 41920
1859 41948
1860 41950
1861 41952
1862 41956
1863 41964
1864 41968
1865 41969
1866 41970
1867 41972
1868 42049
1869 42068
1870 42094
1871 42294
1872 42337
1873 42368
1874 42378
1875 42390
1876 42409
1877 42418
1878 42429
1879 42437
1880 42458
1881 42468
1882 42499
1883 42515
1884 42530
1885 42540
1886 42554
1887 42560
1888 42562
1889 42615
1890 42630
1891 42640
1892 42645
1893 42674
1894 42705
1895 42712
1896 42723
1897 42725
1898 42760
1899 42762
1900 42764
1901 42765
1902 42790
1903 42794
1904 42820
1905 42828
1906 42854
1907 42860
1908 42868
1909 42885
1910 42895
1911 42908
1912 42910
1913 42938
1914 42940
1915 42942
1916 42946
1917 42954
1918 42958
1919 42959
1920 42960
1921 42962
1922 42998
1923 43039
1924 43058
1925 43084
1926 43094
1927 43194
1928 43284
1929 43327
1930 43358
1931 43368
1932 43380
1933 43390
1934 43394
1935 43408
1936 43419
1937 43427
1938 43448
1939 43458
1940 43489
1941 43498
1942 43505
1943 43520
1944 43530
1945 43544
1946 43550
1947 43552
1948 43593
1949 43594
1950 43605
1951 43620
1952 43630
1953 43635
1954 43664
1955 43691
1956 43702
1957 43713
1958 43715
1959 43750
1960 43752
1961 43754
1962 43755
1963 43780
1964 43784
1965 43810
1966 43818
1967 43844
1968 43850
1969 43858
1970 43875
1971 43885
1972 43900
1973 43928
1974 43930
1975 43932
1976 43936
1977 43944
1978 43948
1979 43949
1980 43950
1981 43952
1982 43988
1983 43994
1984 44029
1985 44048
1986 44074
1987 44084
1988 44093
1989 44094
1990 44184
1991 44194
1992 44274
1993 44294
1994 44317
1995 44348
1996 44358
1997 44370
1998 44380
1999 44384
2000 44394
2001 44409
2002 44417
2003 44438
2004 44448
2005 44479
2006 44488
2007 44499
2008 44510
2009 44520
2010 44534
2011 44540
2012 44542
2013 44583
2014 44584
2015 44610
2016 44620
2017 44625
2018 44654
2019 44681
2020 44695
2021 44703
2022 44705
2023 44740
2024 44742
2025 44744
2026 44745
2027 44770
2028 44774
2029 44800
2030 44808
2031 44834
2032 44840
2033 44848
2034 44865
2035 44875
2036 44894
2037 44898
2038 44918
2039 44920
2040 44922
2041 44926
2042 44934
2043 44938
2044 44939
2045 44940
2046 44942
2047 44978
2048 44984
2049 44992
2050 45019
2051 45038
2052 45064
2053 45074
2054 45083
2055 45084
2056 45174
2057 45184
2058 45264
2059 45284
2060 45294
2061 45307
2062 45338
2063 45348
2064 45360
2065 45370
2066 45374
2067 45384
2068 45390
2069 45397
2070 45407
2071 45428
2072 45438
2073 45469
2074 45478
2075 45489
2076 45497
2077 45500
2078 45510
2079 45524
2080 45530
2081 45532
2082 45573
2083 45574
2084 45594
2085 45600
2086 45610
2087 45615
2088 45644
2089 45671
2090 45685
2091 45730
2092 45732
2093 45734
2094 45735
2095 45760
2096 45764
2097 45824
2098 45830
2099 45838
2100 45855
2101 45865
2102 45884
2103 45888
2104 45908
2105 45910
2106 45912
2107 45916
2108 45924
2109 45928
2110 45929
2111 45930
2112 45932
2113 45968
2114 45974
2115 45982
2116 45998
2117 46009
2118 46028
2119 46054
2120 46064
2121 46073
2122 46074
2123 46099
2124 46164
2125 46174
2126 46254
2127 46274
2128 46284
2129 46328
2130 46338
2131 46350
2132 46360
2133 46364
2134 46374
2135 46380
2136 46387
2137 46418
2138 46428
2139 46459
2140 46468
2141 46479
2142 46487
2143 46500
2144 46514
2145 46520
2146 46522
2147 46563
2148 46564
2149 46584
2150 46594
2151 46600
2152 46605
2153 46634
2154 46661
2155 46675
2156 46720
2157 46722
2158 46724
2159 46725
2160 46750
2161 46754
2162 46794
2163 46814
2164 46820
2165 46828
2166 46845
2167 46855
2168 46874
2169 46878
2170 46900
2171 46902
2172 46906
2173 46914
2174 46918
2175 46919
2176 46920
2177 46922
2178 46958
2179 46964
2180 46972
2181 46988
2182 46996
2183 47018
2184 47044
2185 47054
2186 47063
2187 47064
2188 47089
2189 47154
2190 47164
2191 47244
2192 47264
2193 47274
2194 47294
2195 47318
2196 47328
2197 47340
2198 47350
2199 47354
2200 47364
2201 47370
2202 47377
2203 47408
2204 47418
2205 47449
2206 47458
2207 47469
2208 47477
2209 47495
2210 47498
2211 47504
2212 47510
2213 47512
2214 47553
2215 47554
2216 47574
2217 47584
2218 47594
2219 47624
2220 47651
2221 47665
2222 47694
2223 47710
2224 47712
2225 47714
2226 47715
2227 47740
2228 47744
2229 47784
2230 47804
2231 47810
2232 47818
2233 47835
2234 47845
2235 47864
2236 47868
2237 47894
2238 47904
2239 47908
2240 47909
2241 47910
2242 47912
2243 47948
2244 47954
2245 47962
2246 47978
2247 47986
2248 47998
2249 47999
2250 48008
2251 48034
2252 48044
2253 48053
2254 48054
2255 48079
2256 48093
2257 48094
2258 48098
2259 48144
2260 48154
2261 48191
2262 48234
2263 48254
2264 48264
2265 48284
2266 48308
2267 48318
2268 48330
2269 48340
2270 48344
2271 48354
2272 48360
2273 48367
2274 48398
2275 48408
2276 48439
2277 48448
2278 48459
2279 48467
2280 48485
2281 48488
2282 48494
2283 48498
2284 48500
2285 48502
2286 48543
2287 48544
2288 48564
2289 48574
2290 48584
2291 48593
2292 48594
2293 48595
2294 48614
2295 48641
2296 48655
2297 48684
2298 48694
2299 48700
2300 48702
2301 48704
2302 48705
2303 48730
2304 48734
2305 48774
2306 48794
2307 48795
2308 48800
2309 48808
2310 48825
2311 48835
2312 48854
2313 48858
2314 48884
2315 48894
2316 48898
2317 48900
2318 48902
2319 48938
2320 48944
2321 48952
2322 48968
2323 48976
2324 48988
2325 48989
2326 49024
2327 49034
2328 49043
2329 49044
2330 49069
2331 49083
2332 49084
2333 49088
2334 49095
2335 49134
2336 49144
2337 49181
2338 49224
2339 49244
2340 49254
2341 49274
2342 49308
2343 49320
2344 49330
2345 49334
2346 49344
2347 49350
2348 49357
2349 49388
2350 49394
2351 49429
2352 49438
2353 49449
2354 49457
2355 49475
2356 49478
2357 49484
2358 49488
2359 49492
2360 49497
2361 49533
2362 49534
2363 49554
2364 49564
2365 49574
2366 49583
2367 49584
2368 49585
2369 49604
2370 49631
2371 49645
2372 49674
2373 49684
2374 49720
2375 49724
2376 49764
2377 49784
2378 49785
2379 49790
2380 49794
2381 49815
2382 49825
2383 49844
2384 49848
2385 49874
2386 49884
2387 49888
2388 49890
2389 49897
2390 49928
2391 49934
2392 49942
2393 49958
2394 49966
2395 49978
2396 49979
2397 49995
2398 50068
2399 50087
2400 50356
2401 50387
2402 50397
2403 50428
2404 50437
2405 50448
2406 50456
2407 50477
2408 50487
2409 50499
2410 50534
2411 50569
2412 50573
2413 50579
2414 50581
2415 50634
2416 50664
2417 50693
2418 50711
2419 50724
2420 50731
2421 50742
2422 50744
2423 50781
2424 50783
2425 50784
2426 50847
2427 50873
2428 50887
2429 50927
2430 50957
2431 50961
2432 50965
2433 50973
2434 50977
2435 50978
2436 50981
2437 51058
2438 51077
2439 51346
2440 51377
2441 51387
2442 51418
2443 51427
2444 51438
2445 51446
2446 51467
2447 51477
2448 51489
2449 51524
2450 51559
2451 51563
2452 51569
2453 51571
2454 51624
2455 51654
2456 51683
2457 51701
2458 51714
2459 51721
2460 51732
2461 51734
2462 51771
2463 51773
2464 51774
2465 51837
2466 51863
2467 51877
2468 51894
2469 51917
2470 51947
2471 51951
2472 51955
2473 51963
2474 51967
2475 51968
2476 51971
2477 52048
2478 52067
2479 52093
2480 52293
2481 52336
2482 52367
2483 52377
2484 52408
2485 52417
2486 52428
2487 52436
2488 52457
2489 52467
2490 52479
2491 52498
2492 52514
2493 52549
2494 52553
2495 52559
2496 52561
2497 52614
2498 52644
2499 52673
2500 52704
2501 52711
2502 52722
2503 52724
2504 52761
2505 52763
2506 52764
2507 52793
2508 52827
2509 52853
2510 52867
2511 52884
2512 52894
2513 52907
2514 52937
2515 52941
2516 52945
2517 52953
2518 52957
2519 52958
2520 52961
2521 52997
2522 53038
2523 53057
2524 53083
2525 53093
2526 53193
2527 53283
2528 53326
2529 53357
2530 53367
2531 53393
2532 53407
2533 53418
2534 53426
2535 53447
2536 53457
2537 53469
2538 53488
2539 53497
2540 53504
2541 53539
2542 53543
2543 53549
2544 53551
2545 53592
2546 53593
2547 53604
2548 53634
2549 53663
2550 53690
2551 53701
2552 53712
2553 53714
2554 53751
2555 53753
2556 53754
2557 53783
2558 53817
2559 53843
2560 53857
2561 53874
2562 53884
2563 53927
2564 53931
2565 53935
2566 53943
2567 53947
2568 53948
2569 53951
2570 53987
2571 53993
2572 54028
2573 54047
2574 54073
2575 54083
2576 54092
2577 54093
2578 54183
2579 54193
2580 54273
2581 54293
2582 54316
2583 54347
2584 54357
2585 54383
2586 54393
2587 54408
2588 54416
2589 54437
2590 54447
2591 54459
2592 54478
2593 54487
2594 54498
2595 54529
2596 54533
2597 54539
2598 54541
2599 54582
2600 54583
2601 54624
2602 54653
2603 54680
2604 54694
2605 54702
2606 54704
2607 54741
2608 54743
2609 54744
2610 54773
2611 54807
2612 54833
2613 54847
2614 54864
2615 54874
2616 54893
2617 54897
2618 54917
2619 54921
2620 54925
2621 54933
2622 54937
2623 54938
2624 54941
2625 54977
2626 54983
2627 54991
2628 55018
2629 55037
2630 55063
2631 55073
2632 55082
2633 55083
2634 55173
2635 55183
2636 55263
2637 55283
2638 55293
2639 55306
2640 55337
2641 55347
2642 55373
2643 55383
2644 55396
2645 55406
2646 55427
2647 55437
2648 55449
2649 55468
2650 55477
2651 55488
2652 55496
2653 55519
2654 55523
2655 55529
2656 55531
2657 55572
2658 55573
2659 55593
2660 55614
2661 55643
2662 55670
2663 55684
2664 55731
2665 55733
2666 55734
2667 55763
2668 55823
2669 55837
2670 55854
2671 55864
2672 55883
2673 55887
2674 55907
2675 55911
2676 55915
2677 55923
2678 55927
2679 55928
2680 55931
2681 55967
2682 55973
2683 55981
2684 55997
2685 56008
2686 56027
2687 56053
2688 56063
2689 56072
2690 56073
2691 56098
2692 56163
2693 56173
2694 56253
2695 56273
2696 56283
2697 56327
2698 56337
2699 56363
2700 56373
2701 56386
2702 56417
2703 56427
2704 56439
2705 56458
2706 56467
2707 56478
2708 56486
2709 56509
2710 56513
2711 56519
2712 56521
2713 56562
2714 56563
2715 56583
2716 56593
2717 56599
2718 56604
2719 56633
2720 56660
2721 56674
2722 56721
2723 56723
2724 56724
2725 56753
2726 56793
2727 56813
2728 56827
2729 56844
2730 56854
2731 56873
2732 56877
2733 56901
2734 56905
2735 56913
2736 56917
2737 56918
2738 56921
2739 56957
2740 56963
2741 56971
2742 56987
2743 56995
2744 57017
2745 57043
2746 57053
2747 57062
2748 57063
2749 57088
2750 57153
2751 57163
2752 57243
2753 57263
2754 57273
2755 57293
2756 57317
2757 57327
2758 57353
2759 57363
2760 57376
2761 57407
2762 57417
2763 57429
2764 57448
2765 57457
2766 57468
2767 57476
2768 57494
2769 57497
2770 57503
2771 57509
2772 57511
2773 57552
2774 57553
2775 57573
2776 57583
2777 57589
2778 57593
2779 57599
2780 57623
2781 57650
2782 57664
2783 57693
2784 57711
2785 57713
2786 57714
2787 57743
2788 57783
2789 57803
2790 57817
2791 57834
2792 57844
2793 57863
2794 57867
2795 57893
2796 57903
2797 57907
2798 57908
2799 57911
2800 57947
2801 57953
2802 57961
2803 57977
2804 57985
2805 57997
2806 57998
2807 58007
2808 58033
2809 58043
2810 58052
2811 58053
2812 58078
2813 58092
2814 58093
2815 58097
2816 58143
2817 58153
2818 58190
2819 58233
2820 58253
2821 58263
2822 58283
2823 58307
2824 58317
2825 58343
2826 58353
2827 58366
2828 58397
2829 58407
2830 58419
2831 58438
2832 58447
2833 58458
2834 58466
2835 58484
2836 58487
2837 58493
2838 58497
2839 58501
2840 58542
2841 58543
2842 58563
2843 58573
2844 58579
2845 58583
2846 58589
2847 58592
2848 58593
2849 58594
2850 58613
2851 58640
2852 58654
2853 58683
2854 58693
2855 58701
2856 58703
2857 58704
2858 58733
2859 58773
2860 58793
2861 58794
2862 58807
2863 58824
2864 58834
2865 58853
2866 58857
2867 58883
2868 58893
2869 58897
2870 58901
2871 58937
2872 58943
2873 58951
2874 58967
2875 58975
2876 58987
2877 58988
2878 59023
2879 59033
2880 59042
2881 59043
2882 59068
2883 59082
2884 59083
2885 59087
2886 59094
2887 59133
2888 59143
2889 59180
2890 59223
2891 59243
2892 59253
2893 59273
2894 59299
2895 59307
2896 59333
2897 59343
2898 59356
2899 59387
2900 59393
2901 59409
2902 59428
2903 59437
2904 59448
2905 59456
2906 59474
2907 59477
2908 59483
2909 59487
2910 59491
2911 59496
2912 59532
2913 59533
2914 59553
2915 59563
2916 59569
2917 59573
2918 59579
2919 59582
2920 59583
2921 59584
2922 59603
2923 59630
2924 59644
2925 59673
2926 59683
2927 59723
2928 59763
2929 59783
2930 59784
2931 59793
2932 59814
2933 59824
2934 59843
2935 59847
2936 59873
2937 59883
2938 59887
2939 59896
2940 59927
2941 59933
2942 59941
2943 59957
2944 59965
2945 59977
2946 59978
2947 59994
2948 60067
2949 60086
2950 60159
2951 60169
2952 60289
2953 60355
2954 60386
2955 60396
2956 60427
2957 60436
2958 60447
2959 60455
2960 60476
2961 60486
2962 60489
2963 60498
2964 60533
2965 60568
2966 60572
2967 60578
2968 60580
2969 60633
2970 60659
2971 60663
2972 60689
2973 60692
2974 60710
2975 60723
2976 60730
2977 60741
2978 60743
2979 60780
2980 60782
2981 60783
2982 60846
2983 60872
2984 60886
2985 60926
2986 60956
2987 60960
2988 60964
2989 60972
2990 60976
2991 60977
2992 60980
2993 61057
2994 61076
2995 61149
2996 61159
2997 61279
2998 61345
2999 61376
3000 61386
3001 61417
3002 61426
3003 61437
3004 61445
3005 61466
3006 61476
3007 61479
3008 61488
3009 61523
3010 61558
3011 61562
3012 61568
3013 61570
3014 61623
3015 61649
3016 61653
3017 61679
3018 61682
3019 61700
3020 61713
3021 61720
3022 61731
3023 61733
3024 61770
3025 61772
3026 61773
3027 61836
3028 61862
3029 61876
3030 61893
3031 61916
3032 61946
3033 61950
3034 61954
3035 61962
3036 61966
3037 61967
3038 61970
3039 62047
3040 62066
3041 62092
3042 62139
3043 62149
3044 62269
3045 62292
3046 62335
3047 62366
3048 62376
3049 62407
3050 62416
3051 62427
3052 62435
3053 62456
3054 62466
3055 62469
3056 62478
3057 62497
3058 62513
3059 62548
3060 62552
3061 62558
3062 62560
3063 62613
3064 62639
3065 62643
3066 62669
3067 62672
3068 62703
3069 62710
3070 62721
3071 62723
3072 62760
3073 62762
3074 62763
3075 62792
3076 62826
3077 62852
3078 62866
3079 62883
3080 62893
3081 62906
3082 62936
3083 62940
3084 62944
3085 62952
3086 62956
3087 62957
3088 62960
3089 62996
3090 63037
3091 63056
3092 63082
3093 63092
3094 63129
3095 63139
3096 63192
3097 63259
3098 63282
3099 63325
3100 63356
3101 63366
3102 63392
3103 63406
3104 63417
3105 63425
3106 63446
3107 63456
3108 63459
3109 63468
3110 63487
3111 63496
3112 63503
3113 63538
3114 63542
3115 63548
3116 63550
3117 63591
3118 63592
3119 63603
3120 63629
3121 63633
3122 63659
3123 63662
3124 63700
3125 63711
3126 63713
3127 63750
3128 63752
3129 63753
3130 63782
3131 63816
3132 63842
3133 63856
3134 63873
3135 63883
3136 63926
3137 63930
3138 63934
3139 63942
3140 63946
3141 63947
3142 63950
3143 63986
3144 63992
3145 64027
3146 64046
3147 64072
3148 64082
3149 64091
3150 64092
3151 64119
3152 64129
3153 64182
3154 64192
3155 64249
3156 64272
3157 64292
3158 64315
3159 64346
3160 64356
3161 64382
3162 64392
3163 64407
3164 64415
3165 64436
3166 64446
3167 64449
3168 64458
3169 64477
3170 64486
3171 64497
3172 64528
3173 64532
3174 64538
3175 64540
3176 64581
3177 64582
3178 64619
3179 64623
3180 64649
3181 64652
3182 64693
3183 64701
3184 64703
3185 64740
3186 64742
3187 64743
3188 64772
3189 64806
3190 64832
3191 64846
3192 64863
3193 64873
3194 64892
3195 64896
3196 64916
3197 64920
3198 64924
3199 64932
3200 64936
3201 64937
3202 64940
3203 64976
3204 64982
3205 64990
3206 65017
3207 65036
3208 65062
3209 65072
3210 65081
3211 65082
3212 65109
3213 65119
3214 65172
3215 65182
3216 65199
3217 65239
3218 65262
3219 65282
3220 65292
3221 65305
3222 65336
3223 65346
3224 65372
3225 65382
3226 65395
3227 65405
3228 65426
3229 65436
3230 65439
3231 65448
3232 65467
3233 65476
3234 65487
3235 65495
3236 65518
3237 65522
3238 65528
3239 65530
3240 65571
3241 65572
3242 65592
3243 65609
3244 65613
3245 65639
3246 65642
3247 65683
3248 65699
3249 65730
3250 65732
3251 65733
3252 65762
3253 65822
3254 65836
3255 65853
3256 65863
3257 65882
3258 65886
3259 65906
3260 65910
3261 65914
3262 65922
3263 65926
3264 65927
3265 65930
3266 65966
3267 65972
3268 65980
3269 65996
3270 66007
3271 66026
3272 66052
3273 66062
3274 66071
3275 66072
3276 66097
3277 66109
3278 66162
3279 66172
3280 66189
3281 66199
3282 66229
3283 66252
3284 66272
3285 66282
3286 66326
3287 66336
3288 66362
3289 66372
3290 66385
3291 66416
3292 66426
3293 66429
3294 66438
3295 66457
3296 66466
3297 66477
3298 66485
3299 66508
3300 66512
3301 66518
3302 66520
3303 66561
3304 66562
3305 66582
3306 66592
3307 66598
3308 66603
3309 66629
3310 66632
3311 66673
3312 66689
3313 66720
3314 66722
3315 66723
3316 66752
3317 66792
3318 66812
3319 66826
3320 66843
3321 66853
3322 66872
3323 66876
3324 66900
3325 66904
3326 66912
3327 66916
3328 66917
3329 66920
3330 66956
3331 66962
3332 66970
3333 66986
3334 66994
3335 67016
3336 67042
3337 67052
3338 67061
3339 67062
3340 67087
3341 67152
3342 67162
3343 67179
3344 67189
3345 67219
3346 67242
3347 67262
3348 67272
3349 67292
3350 67316
3351 67326
3352 67352
3353 67362
3354 67375
3355 67406
3356 67416
3357 67419
3358 67428
3359 67447
3360 67456
3361 67467
3362 67475
3363 67493
3364 67496
3365 67502
3366 67508
3367 67510
3368 67551
3369 67552
3370 67572
3371 67582
3372 67588
3373 67592
3374 67598
3375 67619
3376 67622
3377 67663
3378 67679
3379 67692
3380 67710
3381 67712
3382 67713
3383 67742
3384 67782
3385 67802
3386 67816
3387 67833
3388 67843
3389 67862
3390 67866
3391 67892
3392 67902
3393 67906
3394 67907
3395 67910
3396 67946
3397 67952
3398 67960
3399 67976
3400 67984
3401 67996
3402 67997
3403 68006
3404 68032
3405 68042
3406 68051
3407 68052
3408 68077
3409 68091
3410 68092
3411 68096
3412 68142
3413 68152
3414 68169
3415 68179
3416 68209
3417 68232
3418 68252
3419 68262
3420 68282
3421 68299
3422 68306
3423 68316
3424 68342
3425 68352
3426 68365
3427 68396
3428 68406
3429 68409
3430 68418
3431 68437
3432 68446
3433 68457
3434 68465
3435 68483
3436 68486
3437 68492
3438 68496
3439 68499
3440 68500
3441 68541
3442 68542
3443 68562
3444 68572
3445 68578
3446 68582
3447 68588
3448 68591
3449 68592
3450 68593
3451 68609
3452 68612
3453 68653
3454 68669
3455 68682
3456 68692
3457 68699
3458 68700
3459 68702
3460 68703
3461 68732
3462 68772
3463 68792
3464 68793
3465 68806
3466 68823
3467 68833
3468 68852
3469 68856
3470 68882
3471 68892
3472 68896
3473 68900
3474 68936
3475 68942
3476 68950
3477 68966
3478 68974
3479 68986
3480 68987
3481 69022
3482 69032
3483 69041
3484 69042
3485 69067
3486 69081
3487 69082
3488 69086
3489 69093
3490 69132
3491 69142
3492 69159
3493 69169
3494 69222
3495 69242
3496 69252
3497 69272
3498 69289
3499 69298
3500 69299
3501 69306
3502 69332
3503 69342
3504 69355
3505 69386
3506 69392
3507 69408
3508 69427
3509 69436
3510 69447
3511 69455
3512 69473
3513 69476
3514 69482
3515 69486
3516 69489
3517 69490
3518 69495
3519 69499
3520 69531
3521 69532
3522 69552
3523 69562
3524 69568
3525 69572
3526 69578
3527 69581
3528 69582
3529 69583
3530 69602
3531 69643
3532 69659
3533 69672
3534 69682
3535 69689
3536 69699
3537 69722
3538 69762
3539 69782
3540 69783
3541 69792
3542 69813
3543 69823
3544 69842
3545 69846
3546 69872
3547 69882
3548 69886
3549 69895
3550 69926
3551 69932
3552 69940
3553 69956
3554 69964
3555 69976
3556 69977
3557 69993
3558 70066
3559 70069
3560 70085
3561 70158
3562 70168
3563 70288
3564 70354
3565 70359
3566 70379
3567 70385
3568 70395
3569 70426
3570 70435
3571 70446
3572 70454
3573 70475
3574 70485
3575 70488
3576 70489
3577 70497
3578 70532
3579 70559
3580 70567
3581 70571
3582 70577
3583 70632
3584 70658
3585 70662
3586 70669
3587 70688
3588 70691
3589 70722
3590 70740
3591 70742
3592 70781
3593 70782
3594 70845
3595 70869
3596 70871
3597 70885
3598 70925
3599 70949
3600 70955
3601 70963
3602 70971
3603 70975
3604 70976
3605 71056
3606 71059
3607 71075
3608 71148
3609 71158
3610 71278
3611 71344
3612 71349
3613 71369
3614 71375
3615 71385
3616 71416
3617 71425
3618 71436
3619 71444
3620 71465
3621 71475
3622 71478
3623 71479
3624 71487
3625 71522
3626 71549
3627 71557
3628 71561
3629 71567
3630 71622
3631 71648
3632 71652
3633 71659
3634 71678
3635 71681
3636 71712
3637 71730
3638 71732
3639 71771
3640 71772
3641 71835
3642 71859
3643 71861
3644 71875
3645 71892
3646 71915
3647 71939
3648 71945
3649 71953
3650 71961
3651 71965
3652 71966
3653 72046
3654 72049
3655 72065
3656 72091
3657 72138
3658 72148
3659 72268
3660 72291
3661 72334
3662 72339
3663 72359
3664 72365
3665 72375
3666 72406
3667 72415
3668 72426
3669 72434
3670 72455
3671 72465
3672 72468
3673 72469
3674 72477
3675 72496
3676 72512
3677 72539
3678 72547
3679 72551
3680 72557
3681 72612
3682 72638
3683 72642
3684 72649
3685 72668
3686 72671
3687 72702
3688 72720
3689 72722
3690 72761
3691 72762
3692 72791
3693 72825
3694 72849
3695 72851
3696 72865
3697 72882
3698 72892
3699 72905
3700 72929
3701 72935
3702 72943
3703 72951
3704 72955
3705 72956
3706 72995
3707 73036
3708 73039
3709 73055
3710 73081
3711 73091
3712 73128
3713 73138
3714 73191
3715 73258
3716 73281
3717 73324
3718 73329
3719 73349
3720 73355
3721 73365
3722 73391
3723 73405
3724 73416
3725 73424
3726 73445
3727 73455
3728 73458
3729 73459
3730 73467
3731 73486
3732 73495
3733 73502
3734 73529
3735 73537
3736 73541
3737 73547
3738 73590
3739 73591
3740 73602
3741 73628
3742 73632
3743 73639
3744 73658
3745 73661
3746 73710
3747 73712
3748 73751
3749 73752
3750 73781
3751 73815
3752 73839
3753 73841
3754 73855
3755 73872
3756 73882
3757 73919
3758 73925
3759 73933
3760 73941
3761 73945
3762 73946
3763 73985
3764 73991
3765 74026
3766 74029
3767 74045
3768 74071
3769 74081
3770 74090
3771 74091
3772 74118
3773 74128
3774 74181
3775 74191
3776 74248
3777 74271
3778 74291
3779 74314
3780 74319
3781 74339
3782 74345
3783 74355
3784 74381
3785 74391
3786 74406
3787 74414
3788 74435
3789 74445
3790 74448
3791 74449
3792 74457
3793 74476
3794 74485
3795 74496
3796 74519
3797 74527
3798 74531
3799 74537
3800 74580
3801 74581
3802 74618
3803 74622
3804 74629
3805 74648
3806 74651
3807 74692
3808 74700
3809 74702
3810 74741
3811 74742
3812 74771
3813 74805
3814 74829
3815 74831
3816 74845
3817 74862
3818 74872
3819 74891
3820 74895
3821 74909
3822 74915
3823 74923
3824 74931
3825 74935
3826 74936
3827 74975
3828 74981
3829 74999
3830 75016
3831 75019
3832 75035
3833 75061
3834 75071
3835 75080
3836 75081
3837 75108
3838 75118
3839 75171
3840 75181
3841 75198
3842 75238
3843 75261
3844 75281
3845 75291
3846 75304
3847 75309
3848 75329
3849 75335
3850 75345
3851 75371
3852 75381
3853 75394
3854 75399
3855 75404
3856 75425
3857 75435
3858 75438
3859 75439
3860 75447
3861 75466
3862 75475
3863 75486
3864 75494
3865 75509
3866 75517
3867 75521
3868 75527
3869 75570
3870 75571
3871 75591
3872 75599
3873 75608
3874 75612
3875 75619
3876 75638
3877 75641
3878 75682
3879 75698
3880 75731
3881 75732
3882 75761
3883 75819
3884 75821
3885 75835
3886 75852
3887 75862
3888 75881
3889 75885
3890 75905
3891 75913
3892 75921
3893 75925
3894 75926
3895 75965
3896 75971
3897 75989
3898 75995
3899 76006
3900 76009
3901 76025
3902 76051
3903 76061
3904 76070
3905 76071
3906 76096
3907 76099
3908 76108
3909 76161
3910 76171
3911 76188
3912 76198
3913 76228
3914 76251
3915 76271
3916 76281
3917 76319
3918 76325
3919 76335
3920 76361
3921 76371
3922 76384
3923 76389
3924 76415
3925 76425
3926 76428
3927 76429
3928 76437
3929 76456
3930 76465
3931 76476
3932 76484
3933 76507
3934 76511
3935 76517
3936 76560
3937 76561
3938 76581
3939 76589
3940 76591
3941 76597
3942 76602
3943 76609
3944 76628
3945 76631
3946 76672
3947 76688
3948 76699
3949 76721
3950 76722
3951 76751
3952 76791
3953 76809
3954 76811
3955 76825
3956 76842
3957 76852
3958 76871
3959 76875
3960 76899
3961 76903
3962 76911
3963 76915
3964 76916
3965 76955
3966 76961
3967 76979
3968 76985
3969 76993
3970 77015
3971 77041
3972 77051
3973 77060
3974 77061
3975 77086
3976 77089
3977 77151
3978 77161
3979 77178
3980 77188
3981 77218
3982 77241
3983 77261
3984 77271
3985 77291
3986 77309
3987 77315
3988 77325
3989 77351
3990 77361
3991 77374
3992 77379
3993 77399
3994 77405
3995 77415
3996 77418
3997 77419
3998 77427
3999 77446
4000 77455
4001 77466
4002 77474
4003 77492
4004 77495
4005 77501
4006 77507
4007 77550
4008 77551
4009 77571
4010 77579
4011 77581
4012 77587
4013 77591
4014 77597
4015 77618
4016 77621
4017 77662
4018 77678
4019 77689
4020 77691
4021 77711
4022 77712
4023 77741
4024 77781
4025 77801
4026 77815
4027 77832
4028 77842
4029 77861
4030 77865
4031 77889
4032 77891
4033 77901
4034 77905
4035 77906
4036 77945
4037 77951
4038 77969
4039 77975
4040 77983
4041 77995
4042 77996
4043 78005
4044 78031
4045 78041
4046 78050
4047 78051
4048 78076
4049 78079
4050 78090
4051 78091
4052 78095
4053 78141
4054 78151
4055 78168
4056 78178
4057 78208
4058 78231
4059 78251
4060 78261
4061 78281
4062 78298
4063 78305
4064 78315
4065 78341
4066 78351
4067 78364
4068 78369
4069 78389
4070 78395
4071 78405
4072 78408
4073 78409
4074 78417
4075 78436
4076 78445
4077 78456
4078 78464
4079 78482
4080 78485
4081 78491
4082 78495
4083 78498
4084 78499
4085 78540
4086 78541
4087 78561
4088 78569
4089 78571
4090 78577
4091 78581
4092 78587
4093 78590
4094 78591
4095 78592
4096 78608
4097 78611
4098 78652
4099 78668
4100 78679
4101 78681
4102 78691
4103 78698
4104 78701
4105 78702
4106 78731
4107 78771
4108 78791
4109 78792
4110 78805
4111 78822
4112 78832
4113 78851
4114 78855
4115 78879
4116 78881
4117 78891
4118 78895
4119 78935
4120 78941
4121 78959
4122 78965
4123 78973
4124 78985
4125 78986
4126 79021
4127 79031
4128 79040
4129 79041
4130 79066
4131 79069
4132 79080
4133 79081
4134 79085
4135 79092
4136 79131
4137 79141
4138 79158
4139 79168
4140 79199
4141 79221
4142 79241
4143 79251
4144 79271
4145 79288
4146 79297
4147 79298
4148 79305
4149 79331
4150 79341
4151 79354
4152 79359
4153 79379
4154 79385
4155 79391
4156 79407
4157 79426
4158 79435
4159 79446
4160 79454
4161 79472
4162 79475
4163 79481
4164 79485
4165 79488
4166 79489
4167 79494
4168 79498
4169 79530
4170 79531
4171 79551
4172 79559
4173 79561
4174 79567
4175 79571
4176 79577
4177 79580
4178 79581
4179 79582
4180 79601
4181 79642
4182 79658
4183 79669
4184 79671
4185 79681
4186 79688
4187 79698
4188 79721
4189 79761
4190 79781
4191 79782
4192 79791
4193 79812
4194 79822
4195 79841
4196 79845
4197 79869
4198 79871
4199 79881
4200 79885
4201 79894
4202 79925
4203 79931
4204 79949
4205 79955
4206 79963
4207 79975
4208 79976
4209 79992
4210 80049
4211 80059
4212 80065
4213 80068
4214 80069
4215 80084
4216 80129
4217 80149
4218 80157
4219 80159
4220 80167
4221 80169
4222 80199
4223 80239
4224 80269
4225 80279
4226 80287
4227 80289
4228 80299
4229 80349
4230 80353
4231 80358
4232 80369
4233 80378
4234 80384
4235 80394
4236 80425
4237 80434
4238 80439
4239 80445
4240 80453
4241 80474
4242 80484
4243 80487
4244 80488
4245 80489
4246 80496
4247 80529
4248 80531
4249 80539
4250 80558
4251 80566
4252 80569
4253 80570
4254 80576
4255 80589
4256 80631
4257 80639
4258 80649
4259 80657
4260 80661
4261 80668
4262 80669
4263 80687
4264 80689
4265 80690
4266 80721
4267 80741
4268 80749
4269 80769
4270 80779
4271 80780
4272 80781
4273 80844
4274 80849
4275 80868
4276 80870
4277 80884
4278 80924
4279 80948
4280 80954
4281 80959
4282 80962
4283 80970
4284 80974
4285 80975
4286 81039
4287 81049
4288 81055
4289 81058
4290 81059
4291 81074
4292 81119
4293 81139
4294 81147
4295 81149
4296 81157
4297 81159
4298 81189
4299 81229
4300 81259
4301 81269
4302 81277
4303 81279
4304 81289
4305 81339
4306 81343
4307 81348
4308 81359
4309 81368
4310 81374
4311 81384
4312 81415
4313 81424
4314 81429
4315 81435
4316 81443
4317 81464
4318 81474
4319 81477
4320 81478
4321 81479
4322 81486
4323 81519
4324 81521
4325 81529
4326 81548
4327 81556
4328 81559
4329 81560
4330 81566
4331 81579
4332 81621
4333 81629
4334 81639
4335 81647
4336 81651
4337 81658
4338 81659
4339 81677
4340 81679
4341 81680
4342 81711
4343 81731
4344 81739
4345 81759
4346 81769
4347 81770
4348 81771
4349 81834
4350 81839
4351 81858
4352 81860
4353 81874
4354 81891
4355 81914
4356 81938
4357 81944
4358 81949
4359 81952
4360 81960
4361 81964
4362 81965
4363 82029
4364 82039
4365 82045
4366 82048
4367 82049
4368 82064
4369 82090
4370 82109
4371 82129
4372 82137
4373 82139
4374 82147
4375 82149
4376 82179
4377 82199
4378 82219
4379 82249
4380 82259
4381 82267
4382 82269
4383 82279
4384 82290
4385 82329
4386 82333
4387 82338
4388 82349
4389 82358
4390 82364
4391 82374
4392 82405
4393 82414
4394 82419
4395 82425
4396 82433
4397 82454
4398 82464
4399 82467
4400 82468
4401 82469
4402 82476
4403 82495
4404 82509
4405 82511
4406 82519
4407 82538
4408 82546
4409 82549
4410 82550
4411 82556
4412 82569
4413 82599
4414 82611
4415 82619
4416 82629
4417 82637
4418 82641
4419 82648
4420 82649
4421 82667
4422 82669
4423 82670
4424 82701
4425 82721
4426 82729
4427 82749
4428 82759
4429 82760
4430 82761
4431 82790
4432 82824
4433 82829
4434 82848
4435 82850
4436 82864
4437 82881
4438 82891
4439 82904
4440 82928
4441 82934
4442 82939
4443 82942
4444 82950
4445 82954
4446 82955
4447 82994
4448 83019
4449 83029
4450 83035
4451 83038
4452 83039
4453 83054
4454 83080
4455 83090
4456 83119
4457 83127
4458 83129
4459 83137
4460 83139
4461 83169
4462 83189
4463 83190
4464 83209
4465 83239
4466 83249
4467 83257
4468 83259
4469 83269
4470 83280
4471 83299
4472 83319
4473 83323
4474 83328
4475 83339
4476 83348
4477 83354
4478 83364
4479 83390
4480 83404
4481 83409
4482 83415
4483 83423
4484 83444
4485 83454
4486 83457
4487 83458
4488 83459
4489 83466
4490 83485
4491 83494
4492 83499
4493 83501
4494 83509
4495 83528
4496 83536
4497 83539
4498 83540
4499 83546
4500 83559
4501 83589
4502 83590
4503 83599
4504 83601
4505 83609
4506 83619
4507 83627
4508 83631
4509 83638
4510 83639
4511 83657
4512 83659
4513 83660
4514 83699
4515 83711
4516 83719
4517 83739
4518 83749
4519 83750
4520 83751
4521 83780
4522 83814
4523 83819
4524 83838
4525 83840
4526 83854
4527 83871
4528 83881
4529 83918
4530 83924
4531 83929
4532 83932
4533 83940
4534 83944
4535 83945
4536 83984
4537 83990
4538 84009
4539 84019
4540 84025
4541 84028
4542 84029
4543 84044
4544 84070
4545 84080
4546 84090
4547 84099
4548 84109
4549 84117
4550 84119
4551 84127
4552 84129
4553 84159
4554 84179
4555 84180
4556 84190
4557 84199
4558 84229
4559 84239
4560 84247
4561 84249
4562 84259
4563 84270
4564 84289
4565 84290
4566 84309
4567 84313
4568 84318
4569 84329
4570 84338
4571 84344
4572 84354
4573 84380
4574 84390
4575 84399
4576 84405
4577 84413
4578 84434
4579 84444
4580 84447
4581 84448
4582 84449
4583 84456
4584 84475
4585 84484
4586 84489
4587 84495
4588 84518
4589 84526
4590 84529
4591 84530
4592 84536
4593 84549
4594 84579
4595 84580
4596 84589
4597 84609
4598 84617
4599 84621
4600 84628
4601 84629
4602 84647
4603 84649
4604 84650
4605 84689
4606 84691
4607 84699
4608 84701
4609 84709
4610 84729
4611 84739
4612 84740
4613 84741
4614 84770
4615 84799
4616 84804
4617 84809
4618 84828
4619 84830
4620 84844
4621 84861
4622 84871
4623 84890
4624 84894
4625 84899
4626 84908
4627 84914
4628 84919
4629 84922
4630 84930
4631 84934
4632 84935
4633 84974
4634 84980
4635 84998
4636 85009
4637 85015
4638 85018
4639 85019
4640 85034
4641 85060
4642 85070
4643 85080
4644 85089
4645 85099
4646 85107
4647 85109
4648 85117
4649 85119
4650 85149
4651 85169
4652 85170
4653 85180
4654 85189
4655 85197
4656 85199
4657 85219
4658 85229
4659 85237
4660 85239
4661 85249
4662 85260
4663 85279
4664 85280
4665 85290
4666 85303
4667 85308
4668 85319
4669 85328
4670 85334
4671 85344
4672 85370
4673 85380
4674 85389
4675 85393
4676 85398
4677 85403
4678 85424
4679 85434
4680 85437
4681 85438
4682 85439
4683 85446
4684 85465
4685 85474
4686 85479
4687 85485
4688 85493
4689 85508
4690 85516
4691 85519
4692 85520
4693 85526
4694 85539
4695 85569
4696 85570
4697 85579
4698 85590
4699 85598
4700 85607
4701 85611
4702 85618
4703 85619
4704 85637
4705 85639
4706 85640
4707 85679
4708 85681
4709 85689
4710 85697
4711 85719
4712 85729
4713 85730
4714 85731
4715 85760
4716 85789
4717 85818
4718 85820
4719 85834
4720 85851
4721 85861
4722 85880
4723 85884
4724 85889
4725 85904
4726 85909
4727 85912
4728 85920
4729 85924
4730 85925
4731 85964
4732 85970
4733 85988
4734 85994
4735 85999
4736 86005
4737 86008
4738 86009
4739 86024
4740 86050
4741 86060
4742 86070
4743 86079
4744 86089
4745 86095
4746 86098
4747 86099
4748 86107
4749 86109
4750 86139
4751 86159
4752 86160
4753 86170
4754 86179
4755 86187
4756 86189
4757 86197
4758 86199
4759 86209
4760 86219
4761 86227
4762 86229
4763 86239
4764 86250
4765 86269
4766 86270
4767 86280
4768 86299
4769 86309
4770 86318
4771 86324
4772 86334
4773 86360
4774 86370
4775 86379
4776 86383
4777 86388
4778 86399
4779 86414
4780 86424
4781 86427
4782 86428
4783 86429
4784 86436
4785 86455
4786 86464
4787 86469
4788 86475
4789 86483
4790 86506
4791 86509
4792 86510
4793 86516
4794 86529
4795 86559
4796 86560
4797 86569
4798 86580
4799 86588
4800 86590
4801 86596
4802 86599
4803 86601
4804 86608
4805 86609
4806 86627
4807 86629
4808 86630
4809 86669
4810 86671
4811 86679
4812 86687
4813 86698
4814 86699
4815 86709
4816 86719
4817 86720
4818 86721
4819 86750
4820 86779
4821 86790
4822 86799
4823 86808
4824 86810
4825 86824
4826 86841
4827 86851
4828 86870
4829 86874
4830 86879
4831 86898
4832 86902
4833 86910
4834 86914
4835 86915
4836 86954
4837 86960
4838 86978
4839 86984
4840 86989
4841 86992
4842 87014
4843 87040
4844 87050
4845 87060
4846 87069
4847 87079
4848 87085
4849 87088
4850 87089
4851 87129
4852 87149
4853 87150
4854 87160
4855 87169
4856 87177
4857 87179
4858 87187
4859 87189
4860 87209
4861 87217
4862 87219
4863 87229
4864 87240
4865 87259
4866 87260
4867 87270
4868 87289
4869 87290
4870 87299
4871 87308
4872 87314
4873 87324
4874 87350
4875 87360
4876 87369
4877 87373
4878 87378
4879 87389
4880 87398
4881 87404
4882 87414
4883 87417
4884 87418
4885 87419
4886 87426
4887 87445
4888 87454
4889 87459
4890 87465
4891 87473
4892 87491
4893 87494
4894 87500
4895 87506
4896 87519
4897 87549
4898 87550
4899 87559
4900 87570
4901 87578
4902 87580
4903 87586
4904 87589
4905 87590
4906 87596
4907 87617
4908 87619
4909 87620
4910 87659
4911 87661
4912 87669
4913 87677
4914 87688
4915 87689
4916 87690
4917 87709
4918 87710
4919 87711
4920 87740
4921 87769
4922 87780
4923 87789
4924 87799
4925 87800
4926 87814
4927 87831
4928 87841
4929 87860
4930 87864
4931 87869
4932 87888
4933 87890
4934 87900
4935 87904
4936 87905
4937 87944
4938 87950
4939 87968
4940 87974
4941 87979
4942 87982
4943 87994
4944 87995
4945 88004
4946 88030
4947 88040
4948 88050
4949 88059
4950 88069
4951 88075
4952 88078
4953 88079
4954 88090
4955 88094
4956 88119
4957 88139
4958 88140
4959 88150
4960 88159
4961 88167
4962 88169
4963 88177
4964 88179
4965 88207
4966 88209
4967 88219
4968 88230
4969 88249
4970 88250
4971 88260
4972 88279
4973 88280
4974 88289
4975 88297
4976 88299
4977 88304
4978 88314
4979 88340
4980 88350
4981 88359
4982 88363
4983 88368
4984 88379
4985 88388
4986 88394
4987 88404
4988 88407
4989 88408
4990 88409
4991 88416
4992 88435
4993 88444
4994 88449
4995 88455
4996 88463
4997 88481
4998 88484
4999 88490
5000 88494
5001 88497
5002 88498
5003 88499
5004 88509
5005 88539
5006 88540
5007 88549
5008 88560
5009 88568
5010 88570
5011 88576
5012 88579
5013 88580
5014 88586
5015 88590
5016 88591
5017 88599
5018 88607
5019 88609
5020 88610
5021 88649
5022 88651
5023 88659
5024 88667
5025 88678
5026 88679
5027 88680
5028 88690
5029 88697
5030 88699
5031 88700
5032 88701
5033 88730
5034 88759
5035 88770
5036 88779
5037 88789
5038 88790
5039 88791
5040 88804
5041 88821
5042 88831
5043 88850
5044 88854
5045 88859
5046 88878
5047 88880
5048 88890
5049 88894
5050 88934
5051 88940
5052 88958
5053 88964
5054 88969
5055 88972
5056 88984
5057 88985
5058 89020
5059 89030
5060 89040
5061 89049
5062 89059
5063 89065
5064 89068
5065 89069
5066 89080
5067 89084
5068 89091
5069 89099
5070 89109
5071 89129
5072 89130
5073 89140
5074 89149
5075 89157
5076 89159
5077 89167
5078 89169
5079 89198
5080 89209
5081 89220
5082 89239
5083 89240
5084 89250
5085 89269
5086 89270
5087 89279
5088 89287
5089 89289
5090 89296
5091 89297
5092 89304
5093 89330
5094 89340
5095 89349
5096 89353
5097 89358
5098 89369
5099 89378
5100 89384
5101 89390
5102 89399
5103 89406
5104 89425
5105 89434
5106 89439
5107 89445
5108 89453
5109 89471
5110 89474
5111 89480
5112 89484
5113 89487
5114 89488
5115 89489
5116 89493
5117 89497
5118 89529
5119 89530
5120 89539
5121 89550
5122 89558
5123 89560
5124 89566
5125 89569
5126 89570
5127 89576
5128 89580
5129 89581
5130 89589
5131 89599
5132 89600
5133 89639
5134 89641
5135 89649
5136 89657
5137 89668
5138 89669
5139 89670
5140 89680
5141 89687
5142 89689
5143 89697
5144 89699
5145 89720
5146 89749
5147 89760
5148 89769
5149 89779
5150 89780
5151 89781
5152 89790
5153 89811
5154 89821
5155 89840
5156 89844
5157 89849
5158 89868
5159 89870
5160 89880
5161 89884
5162 89893
5163 89899
5164 89924
5165 89930
5166 89948
5167 89954
5168 89959
5169 89962
5170 89974
5171 89975
5172 89991
5173 90048
5174 90058
5175 90064
5176 90067
5177 90068
5178 90079
5179 90083
5180 90128
5181 90148
5182 90156
5183 90158
5184 90166
5185 90168
5186 90198
5187 90238
5188 90249
5189 90268
5190 90278
5191 90279
5192 90286
5193 90288
5194 90298
5195 90319
5196 90348
5197 90352
5198 90357
5199 90368
5200 90377
5201 90379
5202 90383
5203 90393
5204 90424
5205 90433
5206 90438
5207 90444
5208 90452
5209 90459
5210 90473
5211 90483
5212 90486
5213 90487
5214 90488
5215 90489
5216 90495
5217 90499
5218 90528
5219 90530
5220 90538
5221 90557
5222 90565
5223 90568
5224 90575
5225 90579
5226 90588
5227 90589
5228 90630
5229 90638
5230 90648
5231 90656
5232 90660
5233 90667
5234 90668
5235 90686
5236 90688
5237 90719
5238 90720
5239 90740
5240 90748
5241 90768
5242 90778
5243 90780
5244 90843
5245 90848
5246 90867
5247 90883
5248 90923
5249 90947
5250 90953
5251 90958
5252 90961
5253 90973
5254 90974
5255 90979
5256 91038
5257 91048
5258 91054
5259 91057
5260 91058
5261 91069
5262 91073
5263 91118
5264 91138
5265 91146
5266 91148
5267 91156
5268 91158
5269 91188
5270 91228
5271 91239
5272 91258
5273 91268
5274 91269
5275 91276
5276 91278
5277 91288
5278 91309
5279 91338
5280 91342
5281 91347
5282 91358
5283 91367
5284 91369
5285 91373
5286 91383
5287 91399
5288 91414
5289 91423
5290 91428
5291 91434
5292 91442
5293 91449
5294 91463
5295 91473
5296 91476
5297 91477
5298 91478
5299 91479
5300 91485
5301 91489
5302 91518
5303 91520
5304 91528
5305 91547
5306 91555
5307 91558
5308 91565
5309 91569
5310 91578
5311 91579
5312 91620
5313 91628
5314 91638
5315 91646
5316 91650
5317 91657
5318 91658
5319 91676
5320 91678
5321 91709
5322 91710
5323 91730
5324 91738
5325 91758
5326 91768
5327 91770
5328 91799
5329 91833
5330 91838
5331 91857
5332 91873
5333 91890
5334 91913
5335 91937
5336 91943
5337 91948
5338 91951
5339 91963
5340 91964
5341 91969
5342 92028
5343 92038
5344 92044
5345 92047
5346 92048
5347 92059
5348 92063
5349 92108
5350 92128
5351 92136
5352 92138
5353 92146
5354 92148
5355 92178
5356 92198
5357 92218
5358 92229
5359 92248
5360 92258
5361 92259
5362 92266
5363 92268
5364 92278
5365 92328
5366 92332
5367 92337
5368 92348
5369 92357
5370 92359
5371 92363
5372 92373
5373 92389
5374 92404
5375 92413
5376 92418
5377 92424
5378 92432
5379 92439
5380 92453
5381 92463
5382 92466
5383 92467
5384 92468
5385 92469
5386 92475
5387 92479
5388 92494
5389 92508
5390 92510
5391 92518
5392 92537
5393 92545
5394 92548
5395 92555
5396 92559
5397 92568
5398 92569
5399 92598
5400 92610
5401 92618
5402 92628
5403 92636
5404 92640
5405 92647
5406 92648
5407 92666
5408 92668
5409 92700
5410 92720
5411 92728
5412 92748
5413 92758
5414 92760
5415 92789
5416 92823
5417 92828
5418 92847
5419 92863
5420 92880
5421 92890
5422 92903
5423 92927
5424 92933
5425 92938
5426 92941
5427 92953
5428 92954
5429 92959
5430 92993
5431 93018
5432 93028
5433 93034
5434 93037
5435 93038
5436 93049
5437 93053
5438 93118
5439 93126
5440 93128
5441 93136
5442 93138
5443 93168
5444 93188
5445 93208
5446 93219
5447 93238
5448 93248
5449 93249
5450 93256
5451 93258
5452 93268
5453 93298
5454 93318
5455 93322
5456 93327
5457 93338
5458 93347
5459 93349
5460 93353
5461 93363
5462 93379
5463 93403
5464 93408
5465 93414
5466 93422
5467 93429
5468 93443
5469 93453
5470 93456
5471 93457
5472 93458
5473 93459
5474 93465
5475 93469
5476 93484
5477 93493
5478 93498
5479 93500
5480 93508
5481 93527
5482 93535
5483 93538
5484 93545
5485 93549
5486 93558
5487 93559
5488 93588
5489 93598
5490 93600
5491 93608
5492 93618
5493 93626
5494 93630
5495 93637
5496 93638
5497 93656
5498 93658
5499 93698
5500 93710
5501 93718
5502 93738
5503 93748
5504 93750
5505 93779
5506 93813
5507 93818
5508 93837
5509 93853
5510 93870
5511 93880
5512 93917
5513 93923
5514 93928
5515 93931
5516 93943
5517 93944
5518 93949
5519 93983
5520 94008
5521 94018
5522 94024
5523 94027
5524 94028
5525 94039
5526 94043
5527 94098
5528 94108
5529 94116
5530 94118
5531 94126
5532 94128
5533 94158
5534 94178
5535 94198
5536 94209
5537 94228
5538 94238
5539 94239
5540 94246
5541 94248
5542 94258
5543 94288
5544 94299
5545 94308
5546 94312
5547 94317
5548 94328
5549 94337
5550 94339
5551 94343
5552 94353
5553 94369
5554 94398
5555 94404
5556 94412
5557 94419
5558 94433
5559 94443
5560 94446
5561 94447
5562 94448
5563 94449
5564 94455
5565 94459
5566 94474
5567 94483
5568 94488
5569 94494
5570 94517
5571 94525
5572 94528
5573 94535
5574 94539
5575 94548
5576 94549
5577 94578
5578 94588
5579 94608
5580 94616
5581 94620
5582 94627
5583 94628
5584 94646
5585 94648
5586 94688
5587 94690
5588 94698
5589 94700
5590 94708
5591 94728
5592 94738
5593 94740
5594 94769
5595 94798
5596 94803
5597 94808
5598 94827
5599 94843
5600 94860
5601 94870
5602 94893
5603 94898
5604 94907
5605 94913
5606 94918
5607 94921
5608 94933
5609 94934
5610 94939
5611 94973
5612 94997
5613 95008
5614 95014
5615 95017
5616 95018
5617 95029
5618 95033
5619 95088
5620 95098
5621 95106
5622 95108
5623 95116
5624 95118
5625 95148
5626 95168
5627 95188
5628 95196
5629 95198
5630 95218
5631 95228
5632 95229
5633 95236
5634 95238
5635 95248
5636 95278
5637 95289
5638 95302
5639 95307
5640 95318
5641 95327
5642 95329
5643 95333
5644 95343
5645 95359
5646 95388
5647 95392
5648 95397
5649 95402
5650 95409
5651 95423
5652 95433
5653 95436
5654 95437
5655 95438
5656 95439
5657 95445
5658 95449
5659 95464
5660 95473
5661 95478
5662 95484
5663 95492
5664 95499
5665 95507
5666 95515
5667 95518
5668 95525
5669 95529
5670 95538
5671 95539
5672 95568
5673 95578
5674 95597
5675 95606
5676 95610
5677 95617
5678 95618
5679 95636
5680 95638
5681 95678
5682 95680
5683 95688
5684 95696
5685 95718
5686 95728
5687 95730
5688 95759
5689 95788
5690 95817
5691 95833
5692 95850
5693 95860
5694 95883
5695 95888
5696 95903
5697 95908
5698 95911
5699 95923
5700 95924
5701 95929
5702 95963
5703 95987
5704 95993
5705 95998
5706 96004
5707 96007
5708 96008
5709 96019
5710 96023
5711 96078
5712 96088
5713 96094
5714 96097
5715 96098
5716 96106
5717 96108
5718 96138
5719 96158
5720 96178
5721 96186
5722 96188
5723 96196
5724 96198
5725 96208
5726 96218
5727 96219
5728 96226
5729 96228
5730 96238
5731 96268
5732 96279
5733 96298
5734 96308
5735 96317
5736 96319
5737 96323
5738 96333
5739 96349
5740 96378
5741 96382
5742 96387
5743 96398
5744 96413
5745 96423
5746 96426
5747 96427
5748 96428
5749 96429
5750 96435
5751 96439
5752 96454
5753 96463
5754 96468
5755 96474
5756 96482
5757 96489
5758 96505
5759 96508
5760 96515
5761 96519
5762 96528
5763 96529
5764 96558
5765 96568
5766 96587
5767 96595
5768 96598
5769 96600
5770 96607
5771 96608
5772 96626
5773 96628
5774 96668
5775 96670
5776 96678
5777 96686
5778 96697
5779 96698
5780 96708
5781 96718
5782 96720
5783 96749
5784 96778
5785 96798
5786 96807
5787 96823
5788 96840
5789 96850
5790 96873
5791 96878
5792 96897
5793 96901
5794 96913
5795 96914
5796 96919
5797 96953
5798 96977
5799 96983
5800 96988
5801 96991
5802 97009
5803 97013
5804 97068
5805 97078
5806 97084
5807 97087
5808 97088
5809 97099
5810 97128
5811 97148
5812 97168
5813 97176
5814 97178
5815 97186
5816 97188
5817 97208
5818 97209
5819 97216
5820 97218
5821 97228
5822 97258
5823 97269
5824 97288
5825 97298
5826 97299
5827 97307
5828 97309
5829 97313
5830 97323
5831 97339
5832 97368
5833 97372
5834 97377
5835 97388
5836 97397
5837 97399
5838 97403
5839 97413
5840 97416
5841 97417
5842 97418
5843 97419
5844 97425
5845 97429
5846 97444
5847 97453
5848 97458
5849 97464
5850 97472
5851 97479
5852 97490
5853 97493
5854 97505
5855 97509
5856 97518
5857 97519
5858 97548
5859 97558
5860 97577
5861 97585
5862 97588
5863 97595
5864 97599
5865 97616
5866 97618
5867 97658
5868 97660
5869 97668
5870 97676
5871 97687
5872 97688
5873 97708
5874 97710
5875 97739
5876 97768
5877 97788
5878 97798
5879 97813
5880 97830
5881 97840
5882 97863
5883 97868
5884 97887
5885 97903
5886 97904
5887 97909
5888 97943
5889 97967
5890 97973
5891 97978
5892 97981
5893 97993
5894 97994
5895 97999
5896 98003
5897 98058
5898 98068
5899 98074
5900 98077
5901 98078
5902 98089
5903 98093
5904 98118
5905 98138
5906 98158
5907 98166
5908 98168
5909 98176
5910 98178
5911 98206
5912 98208
5913 98218
5914 98248
5915 98259
5916 98278
5917 98288
5918 98289
5919 98296
5920 98298
5921 98303
5922 98313
5923 98329
5924 98358
5925 98362
5926 98367
5927 98378
5928 98387
5929 98389
5930 98393
5931 98403
5932 98406
5933 98407
5934 98408
5935 98409
5936 98415
5937 98419
5938 98434
5939 98443
5940 98448
5941 98454
5942 98462
5943 98469
5944 98480
5945 98483
5946 98493
5947 98496
5948 98497
5949 98498
5950 98499
5951 98508
5952 98509
5953 98538
5954 98548
5955 98567
5956 98575
5957 98578
5958 98585
5959 98589
5960 98590
5961 98598
5962 98599
5963 98606
5964 98608
5965 98648
5966 98650
5967 98658
5968 98666
5969 98677
5970 98678
5971 98696
5972 98698
5973 98700
5974 98729
5975 98758
5976 98778
5977 98788
5978 98790
5979 98803
5980 98820
5981 98830
5982 98853
5983 98858
5984 98877
5985 98893
5986 98933
5987 98957
5988 98963
5989 98968
5990 98971
5991 98983
5992 98984
5993 98989
5994 99048
5995 99058
5996 99064
5997 99067
5998 99068
5999 99079
6000 99083
6001 99090
6002 99098
6003 99108
6004 99128
6005 99148
6006 99156
6007 99158
6008 99166
6009 99168
6010 99197
6011 99208
6012 99238
6013 99249
6014 99268
6015 99278
6016 99279
6017 99286
6018 99288
6019 99295
6020 99296
6021 99303
6022 99319
6023 99348
6024 99352
6025 99357
6026 99368
6027 99377
6028 99379
6029 99383
6030 99398
6031 99405
6032 99409
6033 99424
6034 99433
6035 99438
6036 99444
6037 99452
6038 99459
6039 99470
6040 99473
6041 99483
6042 99486
6043 99487
6044 99488
6045 99489
6046 99492
6047 99496
6048 99528
6049 99538
6050 99557
6051 99565
6052 99568
6053 99575
6054 99579
6055 99580
6056 99588
6057 99589
6058 99598
6059 99638
6060 99640
6061 99648
6062 99656
6063 99667
6064 99668
6065 99686
6066 99688
6067 99696
6068 99698
6069 99719
6070 99748
6071 99768
6072 99778
6073 99780
6074 99810
6075 99820
6076 99843
6077 99848
6078 99867
6079 99883
6080 99892
6081 99898
6082 99923
6083 99947
6084 99953
6085 99958
6086 99961
6087 99973
6088 99974
6089 99979
6090 99990
6091 99999
