1 1
2 3
3 23
4 2479
5 73743071
6 151050438420815295
7 1360791906900646753867474206897715071
8 228824044090659455778900855050322128002759787305348791014476408721956007679
9 13170532948442584686948722668953471883527014833004221834045753054003846907484629234261434498398708242971741866636280660094494522462419618801705983655423
10 88035566297440099864530166892592099786935020597419684452566850814266589479314403651604477578436884829519573769109983583591125369908982468528921387999446421988647614395435449396761354925932537989409816282919333441672550855851605715449489537269508368553762797590505738220078488851292052923683972856368036863
11 7901460934301398087680683986775448619263378792113594665783386673671649597853031727076270621848510383026025375316923956568225956856055613675195423057996775908150093386141548601211062961265481407284115046012400994290829026911549090982575654844266670290843630350088311845885885596956937036756187136344987975333339378954275827045296189201292172019012879150348292256750026313793959278997895159166250311316740273558031184347753864968346079849146330769475894551835943813360733478406658964555338604414392705180439800126181140373691695995868316811046615522549301083534426161031324682897724857314174041877461049520152246271